1 0.0406618 0.940618 0.0813237 0.115832 0.851207
1 0.641611 0.410347 0.301936 0.118541 0.829216
1 0.275143 0.699091 0.0943025 0.154775 0.824576
1 0.653236 0.0883437 0.238516 0.134713 0.824252
1 0.491869 0.0758644 0.0842718 0.135615 0.820529
1 0.40305 0.193532 0.0974068 0.0960358 0.813391
1 0.0517306 0.843536 0.0969081 0.0950981 0.804127
1 0.507453 0.356299 0.148016 0.0987999 0.790042
1 0.924261 0.344857 0.151428 0.135113 0.788864
1 0.916486 0.219835 0.129636 0.0820139 0.784306
1 0.182925 0.866117 0.14501 0.0859566 0.777972
1 0.0510152 0.571049 0.100747 0.290409 0.776277
1 0.908994 0.502875 0.18168 0.149309 0.746219
1 0.675223 0.795369 0.15562 0.0920905 0.722341
1 0.36626 0.525344 0.0830916 0.149891 0.719371
1 0.504754 0.604383 0.0775103 0.0792596 0.706163
1 0.446905 0.955114 0.0951982 0.0895527 0.705521
1 0.823816 0.858187 0.2473 0.108214 0.701387
1 0.533387 0.220465 0.0941736 0.0842443 0.691682
1 0.844461 0.663001 0.311078 0.128662 0.614144
1 0.424042 0.452859 0.0924734 0.0719317 0.586119
1 0.0499728 0.0772275 0.0999457 0.152707 0.585629
1 0.877719 0.732152 0.0816017 0.0780043 0.585539
