1 0.831414 0.8864 0.161733 0.159356 0.855485
1 0.408292 0.0490425 0.0802592 0.0978577 0.853226
1 0.139112 0.867712 0.129763 0.160326 0.847414
1 0.523277 0.464113 0.1182 0.147224 0.829446
1 0.746234 0.502828 0.140491 0.0898458 0.817293
1 0.525633 0.624121 0.0967076 0.133499 0.80358
1 0.307958 0.704996 0.0965954 0.168171 0.793021
1 0.603687 0.894061 0.121538 0.170257 0.786981
1 0.637146 0.465309 0.0831673 0.0964775 0.782522
1 0.13821 0.662628 0.088951 0.143072 0.779572
1 0.602086 0.349169 0.108929 0.103783 0.774495
1 0.943332 0.166032 0.110963 0.0899592 0.764611
1 0.074609 0.451399 0.14915 0.100337 0.758913
1 0.756745 0.336704 0.115159 0.0889357 0.704622
1 0.340261 0.322095 0.079944 0.076177 0.698622
1 0.967432 0.0416184 0.0651352 0.0815437 0.695748
1 0.063462 0.675119 0.0781358 0.0673347 0.645536
1 0.0693477 0.369892 0.0996023 0.0675184 0.633529
1 0.0361942 0.504265 0.0621957 0.0775186 0.604174
1 0.311595 0.865072 0.137962 0.0956599 0.57941
1 0.442165 0.257607 0.0801582 0.0861728 0.549199
1 0.816887 0.738492 0.0955271 0.0998295 0.538889
