1 0.283456 0.860105 0.112277 0.0925182 0.836038
1 0.9542 0.258134 0.0915995 0.127224 0.83515
1 0.374187 0.468723 0.176384 0.0821672 0.822784
1 0.437373 0.857581 0.100437 0.109132 0.813423
1 0.819745 0.664148 0.103232 0.101398 0.809943
1 0.0844166 0.0855523 0.139774 0.0994121 0.805999
1 0.216487 0.3597 0.135523 0.101681 0.805403
1 0.66447 0.16561 0.116329 0.136445 0.804397
1 0.342689 0.122771 0.0861502 0.114722 0.802031
1 0.0789826 0.646306 0.113976 0.135169 0.797959
1 0.426889 0.373798 0.150564 0.0934263 0.790983
1 0.527319 0.54444 0.147934 0.193704 0.789426
1 0.192881 0.946524 0.104226 0.106952 0.787813
1 0.645899 0.738211 0.100064 0.127511 0.783456
1 0.923811 0.76352 0.0726227 0.0792981 0.765248
1 0.950915 0.891553 0.0981693 0.204446 0.757374
1 0.346414 0.638914 0.128314 0.0921124 0.75126
1 0.185992 0.138932 0.0859158 0.0881668 0.738782
1 0.602269 0.630718 0.0832992 0.127552 0.703679
1 0.181141 0.66255 0.092946 0.116431 0.666769
1 0.644409 0.411389 0.107842 0.176814 0.657041
1 0.250064 0.593709 0.108777 0.0890917 0.636039
1 0.494115 0.225921 0.113635 0.109626 0.613826
1 0.0469535 0.443928 0.093907 0.115622 0.601604
1 0.549446 0.426422 0.0789049 0.0671665 0.572674
1 0.0545786 0.770318 0.108848 0.0664439 0.552179
1 0.4586 0.302714 0.118961 0.0960791 0.520988
