1 0.929914 0.368531 0.107908 0.0892871 0.790494
1 0.745042 0.852745 0.110935 0.0985132 0.786758
1 0.539159 0.817887 0.0893494 0.103408 0.781996
1 0.118757 0.144458 0.16025 0.119091 0.750469
1 0.642701 0.0734727 0.0794834 0.071492 0.734041
1 0.418113 0.682058 0.0912743 0.114595 0.731954
1 0.509734 0.307845 0.0989719 0.0962372 0.63585
1 0.383959 0.0284117 0.0840338 0.0567419 0.630453
1 0.0307946 0.479141 0.0612769 0.076799 0.627577
1 0.960482 0.124372 0.0789543 0.113213 0.609491
1 0.28466 0.401745 0.0943033 0.168705 0.574503
1 0.701134 0.741787 0.0701747 0.111277 0.559952
1 0.262214 0.519827 0.137585 0.106761 0.501484
