1 0.734107 0.462215 0.117734 0.172738 0.807226
1 0.303637 0.149556 0.130001 0.142069 0.807078
1 0.119752 0.0770656 0.0963326 0.153651 0.803233
1 0.395997 0.554574 0.0936881 0.084613 0.785638
1 0.639081 0.944777 0.0812736 0.108652 0.773889
1 0.611049 0.160235 0.136484 0.179508 0.740182
1 0.146785 0.64086 0.132287 0.081691 0.71903
1 0.119302 0.867467 0.12862 0.0718254 0.708303
1 0.626363 0.813463 0.0895365 0.123475 0.697642
1 0.334403 0.0321443 0.0737585 0.0635485 0.695783
1 0.760192 0.805213 0.080907 0.110626 0.693931
1 0.486478 0.879557 0.0824295 0.0930157 0.693054
1 0.854337 0.787297 0.106243 0.189036 0.667097
1 0.279447 0.864374 0.105501 0.0855697 0.650496
1 0.381376 0.721597 0.112535 0.151163 0.629599
1 0.0662409 0.511834 0.082842 0.149712 0.603367
1 0.607559 0.609709 0.117359 0.184613 0.53804
1 0.50708 0.979708 0.07546 0.0405838 0.515878
1 0.217171 0.615469 0.0860855 0.136257 0.513015
