1 0.109566 0.594449 0.174479 0.0953783 0.83939
1 0.0592088 0.914624 0.0797975 0.141653 0.825846
1 0.624373 0.302678 0.077322 0.11971 0.816589
1 0.612135 0.0753223 0.0751299 0.0783889 0.813524
1 0.485394 0.500427 0.105489 0.0975687 0.803539
1 0.813762 0.264918 0.0629473 0.0960289 0.799772
1 0.680382 0.697336 0.0928844 0.0698099 0.795135
1 0.311564 0.792112 0.110189 0.0760021 0.793716
1 0.794816 0.521948 0.116297 0.0878736 0.791056
1 0.77557 0.736286 0.0817668 0.0845188 0.782342
1 0.92663 0.231515 0.0934391 0.119709 0.778766
1 0.477804 0.153077 0.10543 0.074225 0.762171
1 0.854507 0.203606 0.0607929 0.127946 0.74725
1 0.483516 0.83219 0.0707216 0.0751759 0.736174
1 0.711346 0.192558 0.068663 0.170149 0.729114
1 0.0205689 0.815683 0.0411378 0.0803976 0.72065
1 0.204857 0.923986 0.0815195 0.0762739 0.709663
1 0.544478 0.325962 0.0830792 0.132582 0.669176
1 0.553731 0.950517 0.18184 0.0941618 0.663731
1 0.56751 0.537401 0.0945725 0.0557567 0.600829
1 0.356753 0.242939 0.102492 0.221008 0.578099
1 0.610495 0.848879 0.121554 0.0917462 0.506945
