1 0.0519444 0.926562 0.103889 0.0806759 0.864194
1 0.514585 0.39199 0.12203 0.0925004 0.863459
1 0.501279 0.0428479 0.07146 0.0713589 0.853656
1 0.0438773 0.769708 0.0877546 0.104007 0.852757
1 0.171179 0.609614 0.140568 0.0824482 0.840958
1 0.961061 0.682351 0.0778774 0.102818 0.838135
1 0.573437 0.905166 0.106204 0.118313 0.834626
1 0.160399 0.85511 0.0812625 0.0695837 0.828869
1 0.0532252 0.0353952 0.10645 0.0704052 0.823904
1 0.949781 0.79295 0.0873095 0.0867882 0.82338
1 0.487592 0.547769 0.0790828 0.133037 0.817602
1 0.762149 0.906803 0.0933492 0.0888042 0.814211
1 0.754542 0.191797 0.0848877 0.0889972 0.811925
1 0.923653 0.906265 0.0722229 0.0946087 0.808443
1 0.469177 0.0985531 0.105708 0.074679 0.79538
1 0.418858 0.816144 0.0751312 0.090848 0.794848
1 0.160266 0.0681829 0.0976351 0.070564 0.79216
1 0.483397 0.971253 0.110832 0.057494 0.782478
1 0.156306 0.0266774 0.121786 0.0532757 0.782373
1 0.270457 0.0265266 0.0888576 0.0530532 0.776876
1 0.920605 0.0911966 0.1077 0.0851642 0.758744
1 0.816283 0.747574 0.096465 0.075066 0.752298
1 0.982117 0.610698 0.0357418 0.0814188 0.697311
1 0.455503 0.504561 0.0634477 0.0727776 0.590056
