1 0.0675293 0.500655 0.130194 0.0910742 0.821245
1 0.784868 0.255627 0.136115 0.0842751 0.815334
1 0.563176 0.0776918 0.0783455 0.0981993 0.810954
1 0.806102 0.152971 0.123157 0.0848733 0.806677
1 0.0562623 0.350709 0.111729 0.0928459 0.789904
1 0.64263 0.481963 0.120195 0.0961792 0.783209
1 0.935976 0.593964 0.0813932 0.0921732 0.776481
1 0.0314352 0.957268 0.0626234 0.0850952 0.767611
1 0.191005 0.0770396 0.116086 0.0803925 0.765802
1 0.147427 0.942088 0.0993297 0.0732874 0.762985
1 0.47928 0.676001 0.0757025 0.0808737 0.760783
1 0.336252 0.205228 0.0914653 0.103552 0.750547
1 0.314624 0.369063 0.0828392 0.0928306 0.745845
1 0.874597 0.864194 0.072834 0.0658783 0.737803
1 0.954118 0.807638 0.0772818 0.074976 0.732204
1 0.436585 0.537193 0.084491 0.0903623 0.722457
1 0.410604 0.249304 0.0855935 0.0818069 0.715295
1 0.97336 0.693612 0.0532793 0.0798756 0.713394
1 0.412003 0.891155 0.100858 0.110238 0.706745
1 0.743997 0.50241 0.0595766 0.0717826 0.702087
1 0.702868 0.414554 0.106075 0.0746999 0.684048
1 0.0367345 0.434251 0.0686362 0.0616618 0.680198
1 0.141838 0.243221 0.0897045 0.0762349 0.669073
1 0.58551 0.774186 0.0848846 0.0845464 0.662807
1 0.498034 0.565748 0.0788833 0.0964524 0.657459
1 0.0828729 0.295669 0.0653481 0.0652577 0.622154
1 0.696716 0.0935052 0.104668 0.100783 0.60456
1 0.908098 0.983429 0.0669632 0.0330811 0.601855
1 0.554967 0.969067 0.135699 0.0616478 0.58518
1 0.78484 0.982852 0.117299 0.0342954 0.565749
1 0.536941 0.734041 0.100847 0.0696846 0.558962
1 0.170838 0.616955 0.0704169 0.0627233 0.537556
1 0.460883 0.977174 0.0726551 0.0456343 0.524859
