1 0.887066 0.354936 0.136366 0.180611 0.76095
1 0.670506 0.166244 0.156842 0.167823 0.742498
1 0.824066 0.910158 0.145676 0.0959923 0.719764
1 0.587788 0.505274 0.19709 0.109511 0.710337
1 0.3921 0.211116 0.108864 0.179185 0.670049
1 0.838049 0.78618 0.10738 0.0962781 0.660557
1 0.719097 0.939434 0.0872285 0.0860199 0.630895
1 0.284865 0.169646 0.0875703 0.112813 0.601282
1 0.680341 0.811547 0.0966201 0.0865787 0.597479
1 0.852805 0.125192 0.101842 0.079976 0.576802
1 0.241887 0.950721 0.104644 0.0985583 0.549036
1 0.342255 0.520819 0.132175 0.123085 0.53002
1 0.0713127 0.0347471 0.0846691 0.0688285 0.512082
