1 0.961446 0.513988 0.0771074 0.179834 0.823315
1 0.210816 0.793499 0.156028 0.114246 0.796926
1 0.581245 0.31994 0.105757 0.106605 0.784378
1 0.0325136 0.879318 0.0648214 0.109001 0.782866
1 0.906723 0.692329 0.08853 0.147534 0.768244
1 0.186179 0.283399 0.0758893 0.0850881 0.761934
1 0.717105 0.61808 0.0750082 0.129643 0.759652
1 0.726964 0.243644 0.109507 0.0859489 0.755892
1 0.573073 0.437378 0.0713682 0.0920663 0.755843
1 0.297727 0.684382 0.0989337 0.0732748 0.721988
1 0.692623 0.153343 0.0749069 0.0857732 0.718228
1 0.637057 0.751488 0.0961245 0.0796481 0.716956
1 0.838883 0.443646 0.0891438 0.0870528 0.71615
1 0.358808 0.498224 0.15521 0.0981721 0.710299
1 0.272832 0.355141 0.121564 0.0972908 0.694577
1 0.0325171 0.0350162 0.0650343 0.0683758 0.683796
1 0.124437 0.500721 0.124198 0.104565 0.674978
1 0.435643 0.204752 0.0644976 0.0687927 0.674331
1 0.487535 0.38199 0.0989407 0.168389 0.635979
1 0.5307 0.831279 0.114383 0.080349 0.633407
1 0.557269 0.0500571 0.085137 0.0991136 0.614583
1 0.261581 0.594901 0.0758132 0.0970705 0.572084
1 0.481604 0.595476 0.0581053 0.0668586 0.526356
1 0.431034 0.740031 0.0918957 0.139137 0.501041
